m = 2.6846023997212707e-10
mabs = 2.6846023997212707e-10
stddev = 4.4220048898450264e-07
myTimeConv time: 1.264913558959961 s
scipy.signal.convolve time: 0.008192300796508789 s
